0.0	
-1.3491194341575e-05	
-2.55339179631426e-05	
-2.40740460650507e-05	
-2.56428429892672e-05	
-2.77244566445928e-05	
-2.37808634473677e-05	
-2.34886989600854e-05	
-2.89799546602474e-05	
-2.39574710117856e-05	
-2.46392273248477e-05	
-2.33802711800328e-05	
-2.62933534677791e-05	
-2.25053752459188e-05	
-2.30133989375517e-05	
-2.7226485685158e-05	
-2.51185156820017e-05	
-2.4495367350512e-05	
-2.36874800534187e-05	
-2.64016578926369e-05	
-2.27354411621399e-05	
-2.28087934111222e-05	
-2.51546925382429e-05	
-2.46618264759067e-05	
-2.20950173168899e-05	
-2.26519537684197e-05	
-2.38845375298726e-05	
-2.08903060194712e-05	
-2.01425178962545e-05	
-2.29628892551033e-05	
-2.36134120659898e-05	
-2.17430766002278e-05	
-2.06318474633572e-05	
-2.41143264184053e-05	
-2.07641392120429e-05	
-2.00069663447402e-05	
-2.20809475759758e-05	
-2.05304908613496e-05	
-1.95301278658081e-05	
-1.85457796801962e-05	
-2.02269996129549e-05	
-2.05191952705525e-05	
-1.89610400344035e-05	
-1.9566943156389e-05	
-2.30987313156382e-05	
-1.94332841196204e-05	
-2.00047570513246e-05	
-2.2901260450185e-05	
-2.15602944298795e-05	
-2.06103310426963e-05	
-1.95306462367335e-05	
-2.35061908471381e-05	
-1.89290924531364e-05	
-2.03022424538537e-05	
-2.19046364858261e-05	
-2.08631004167899e-05	
-2.01249884366349e-05	
-1.99619459825825e-05	
-2.25960450543147e-05	
-2.14099924695619e-05	
-2.09387721521985e-05	
-2.28504879136597e-05	
-2.36778815853698e-05	
-2.21851208561084e-05	
-2.24591997786307e-05	
-2.49585052686918e-05	
-2.3023776291111e-05	
-2.28641293075382e-05	
-2.41401156072816e-05	
-2.6534966520868e-05	
-2.42370026204109e-05	
-2.41542959625079e-05	
-2.64749133767111e-05	
-2.58862082177112e-05	
-2.42807747958813e-05	
-2.44069653982628e-05	
-2.96435489114948e-05	
-2.4846040729001e-05	
-2.57804996389167e-05	
-2.77183783436228e-05	
-2.88551205532051e-05	
-2.66100573901015e-05	
-2.51809530300966e-05	
-3.10762497416984e-05	
-2.63101375999075e-05	
-2.60245899382072e-05	
-2.7852254938392e-05	
-2.96848977675935e-05	
-2.76233643529386e-05	
-2.61903105695531e-05	
-3.05555074568268e-05	
-2.76182985937706e-05	
-2.7547956512084e-05	
-2.86156122591943e-05	
-3.39112490715049e-05	
-2.83963044031319e-05	
-2.72458466997809e-05	
-3.06888216688066e-05	
-2.99606721590836e-05	
-2.79462847795783e-05	
-2.78286983882629e-05	
-3.27721302908093e-05	
-2.81816866358054e-05	
-2.78499258666681e-05	
-3.03228817367521e-05	
-3.15905075817443e-05	
-2.78587424861263e-05	
-2.87442930815517e-05	
-3.27312336239551e-05	
-2.92161114174947e-05	
-2.76965553694725e-05	
-2.98089835663495e-05	
-3.19200851263372e-05	
-2.64885394494159e-05	
-2.7163263217574e-05	
-3.10059119958781e-05	
-2.98270961696327e-05	
-2.74840240291677e-05	
-2.83123677544899e-05	
-3.27301345089305e-05	
-2.73082941334772e-05	
-2.81816113483556e-05	
-3.03288893203023e-05	
-2.95809745671104e-05	
-2.72503222684844e-05	
-2.75319888879937e-05	
-3.34701571397617e-05	
-2.88180901605996e-05	
-2.78274708196562e-05	
-2.8096877998991e-05	
-2.85323754968192e-05	
-2.45557002307399e-05	
-2.4138058222385e-05	
-2.71169921453752e-05	
-2.50334088206199e-05	
-2.42499280021291e-05	
-2.67334305375136e-05	
-2.83482066737851e-05	
-2.60071772944618e-05	
-2.53853793536232e-05	
-2.97050495765202e-05	
-2.72037803207648e-05	
-2.57450986801266e-05	
-2.6946067351973e-05	
-2.97831014844671e-05	
-2.60466830426089e-05	
-2.47989621724915e-05	
-2.75002771186528e-05	
-2.69253443059599e-05	
-2.49658070044956e-05	
-2.60137525994565e-05	
-2.91679302225435e-05	
-2.60625774480089e-05	
-2.53379101325047e-05	
-2.62954872835324e-05	
-2.75711574939977e-05	
-2.61738670076251e-05	
-2.50052825475529e-05	
-2.96867227173781e-05	
-2.83212161113727e-05	
-2.72309845224628e-05	
-2.83998398021215e-05	
-3.09767765087975e-05	
-2.60864555411325e-05	
-2.68064691419507e-05	
-3.02520950664314e-05	
-2.79984484021671e-05	
-2.60067044487045e-05	
-2.71190408604119e-05	
-3.0744239997076e-05	
-2.69916253211531e-05	
-2.79567486363717e-05	
-3.21815690833785e-05	
-2.96534023492445e-05	
-2.81910958916786e-05	
-2.94478545957276e-05	
-3.41108285742265e-05	
-2.89401527814619e-05	
-2.81689343549492e-05	
-2.94385422010929e-05	
-3.29678221260148e-05	
-2.84606129133356e-05	
-2.83891111075183e-05	
-3.24769639167675e-05	
-2.9614450240777e-05	
-2.8565930505288e-05	
-3.01399098862995e-05	
-3.14617947227339e-05	
-2.8967073470212e-05	
-2.80452018595914e-05	
-3.27238278664138e-05	
-2.92179572794975e-05	
-2.83931810437975e-05	
-2.82862266404721e-05	
-3.18827620997702e-05	
-2.6886188078729e-05	
-2.63050188255688e-05	
-2.93926157862256e-05	
-2.65681167336205e-05	
-2.45200187817779e-05	
-2.42853058776866e-05	
-2.75114697448614e-05	
-2.56807698387244e-05	
-2.56726086424806e-05	
-2.79368698756691e-05	
-2.78496004349439e-05	
-2.56437216604102e-05	
4.74751011431195e-05	
0.0023922307045379	
0.0128494416264907	
0.0306991296104639	
0.0463479666638587	
0.0512060383806804	
0.0404164695246368	
0.0346176800147342	
0.0313256127910272	
0.0227748720380636	
0.0178622662482241	
0.0160419258501302	
0.0155620453490256	
0.0116057509693112	
0.0104029330533997	
0.0100901341607765	
0.00864440809918326	
0.00696653120086905	
0.00604369539036489	
0.00592432213616306	
0.00378309505888561	
0.00282113860046318	
0.00263212468663739	
0.00291777788871263	
0.00285762604745229	
0.00284467240174773	
0.00325344665496019	
0.00266721612652053	
0.00228154581951822	
0.00221796123889242	
0.00219821905282457	
0.00180137109657372	
0.00157945411950397	
0.00157746123097334	
0.0013663666194364	
0.00109392047747129	
0.00090824324381546	
0.000965601699781877	
0.000991967886758885	
0.00107299741958951	
0.00101576678642787	
0.000886046314196212	
0.000888143321887506	
0.000945683393196362	
0.00117656171213235	
0.00101456768392668	
0.000802071466319875	
0.000764640166797134	
0.000818824932090137	
0.00040971478213219	
0.000183252937745142	
0.000341429761875622	
0.000365177722635599	
0.000332226479916323	
0.000404361186004276	
0.000511308145957819	
0.000420034163579705	
0.00038527166001242	
0.000421045170181537	
0.000266782437603131	
0.000205220293897868	
0.000281943778455716	
0.000373419094846611	
0.000286629116066008	
0.000242481987190085	
0.000255932470867514	
0.000243482327023737	
0.000267393358665174	
0.000297311998591886	
0.000320131772691725	
0.000264509106821186	
0.000247642284185758	
0.000212152843872978	
0.000169821328682145	
0.000190162602218817	
0.00024499005106072	
0.000286389180305818	
0.000216247137226615	
0.000188475419599006	
0.000194002687750726	
0.000230216677126525	
0.000233735836446676	
0.000243853298588038	
0.000226974113862144	
0.000117482945971751	
4.8580425106794e-05	
5.45581989662125e-05	
9.13373475844504e-05	
0.000122694834441709	
0.000173568902099039	
0.000206817780995041	
0.000211485091287316	
0.000202909382605088	
0.000201608162933208	
0.000229396034259704	
0.000157906019179872	
0.00011288923378686	
9.16227973816398e-05	
0.000108667604498131	
9.79713382656125e-05	
7.60266928206983e-05	
6.98185595065533e-05	
4.83021989231963e-05	
4.85727698260451e-05	
5.37945599402853e-05	
3.57761682078701e-05	
2.33626619573311e-05	
4.05089311694376e-05	
7.15113465886002e-05	
7.97257528450085e-05	
7.94382571153069e-05	
8.71632053566629e-05	
0.000103006243993644	
8.91919949005062e-05	
8.67665049756153e-05	
9.08116889478958e-05	
8.59914082755603e-05	
8.57169816039745e-05	
6.79723429571058e-05	
4.69713491820595e-05	
4.12166335606148e-05	
4.85553969617064e-05	
7.34600336556948e-05	
9.2815199485258e-05	
8.12546990325392e-05	
7.43669743480555e-05	
8.33977116706272e-05	
7.14130790272387e-05	
6.64201377603416e-05	
6.73882790954441e-05	
5.9633422656379e-05	
4.9861323223883e-05	
5.93027687545919e-05	
5.17622051375713e-05	
3.43427879641803e-05	
4.04778184134961e-05	
4.25399938954791e-05	
5.49488447929202e-05	
6.13933829500822e-05	
6.94768562228753e-05	
8.62892044916997e-05	
9.19752395647457e-05	
8.28035294015959e-05	
7.19980689066282e-05	
7.32941181176588e-05	
4.93288865539383e-05	
3.55036774309235e-05	
2.78344661180221e-05	
1.947198629988e-05	
8.76624700941456e-06	
4.55322777429135e-06	
4.72253925066444e-06	
5.87619060948911e-06	
4.3273671585762e-06	
8.97453537550058e-06	
1.35326107894612e-05	
1.888139630563e-05	
2.33024983327583e-05	
2.43177775757666e-05	
2.57397021112623e-05	
3.47586399038932e-05	
3.94453372965804e-05	
4.56542005188016e-05	
3.76152754525183e-05	
3.1136737296784e-05	
3.31740946032627e-05	
3.79654166548633e-05	
4.44229839003135e-05	
5.0009768258219e-05	
5.30978269974731e-05	
3.26626586502709e-05	
1.94605561899354e-05	
8.29198102595565e-06	
6.47831619390038e-06	
1.17286156674595e-05	
1.25933328346839e-05	
1.28825778677055e-05	
1.10475251738781e-05	
1.30988520304294e-05	
1.89929948034588e-05	
2.11315962721802e-05	
1.89654267034959e-05	
2.01359394542326e-05	
2.75715491628998e-05	
3.81483970275979e-05	
4.34261884953514e-05	
4.28126406097595e-05	
4.16584718465439e-05	
3.15174373269453e-05	
2.67718001207117e-05	
2.64189202602511e-05	
2.20513103423849e-05	
1.56939074485039e-05	
1.3025008123075e-05	
7.34479217808412e-06	
-8.31121993404029e-07	
-9.19544078515672e-06	
-1.85679497250992e-05	
-2.60769185726476e-05	
-2.71917820904086e-05	
-2.56818421631142e-05	
-2.20937610215132e-05	
-1.50968106099285e-05	
-1.0001777545385e-05	
-6.60429070752451e-06	
-3.2731693010499e-07	
5.94610647004842e-06	
8.11294310417661e-06	
7.50308676908058e-06	
6.68781293703773e-06	
2.86104897169974e-06	
1.93164609911068e-06	
1.53054129832743e-06	
-8.04783690090563e-08	
-1.08688354081952e-06	
-7.11962440582554e-06	
-1.18869019122881e-05	
-1.31586199234926e-05	
-1.32148445467606e-05	
-1.13527785575323e-05	
-5.92170885806189e-06	
-6.42191654817477e-06	
-8.09917929090011e-06	
-7.32448642350267e-06	
-3.49649885271233e-06	
-3.61567499971846e-07	
6.02399996654379e-07	
-8.04745942393144e-07	
-3.97792101579688e-06	
-7.41749016645094e-06	
-7.17641449395675e-06	
-3.20766603104193e-06	
2.25326654640068e-06	
9.2878935407325e-06	
1.34539980468701e-05	
1.58338704838826e-05	
1.6359897296061e-05	
2.23414089262764e-05	
1.6879518375933e-05	
1.22962514235128e-05	
6.74424567500032e-06	
-3.97702252004065e-06	
-9.91219450574015e-06	
-1.65464076013524e-05	
-2.76227605000492e-05	
-2.98996713439156e-05	
-3.37080132740942e-05	
-3.97341488362803e-05	
-4.2142379978135e-05	
-3.78383710388023e-05	
-3.8106157201017e-05	
-4.0669586718838e-05	
-3.02706803862523e-05	
-2.34160283030343e-05	
-2.03800330913544e-05	
-1.81095737232052e-05	
-1.37555943719663e-05	
-1.26350389064796e-05	
-1.0808957088678e-05	
-7.51802346784065e-06	
-6.29919127220772e-06	
-7.02889525334219e-06	
-6.16902163347205e-06	
-5.40288749753888e-06	
-5.73472671790102e-06	
-8.47111985553842e-06	
-8.0845936764617e-06	
-6.93568796070212e-06	
-5.58256576696589e-06	
-4.48952884410382e-06	
-2.0351204709048e-06	
4.67013724267398e-07	
2.1611029046537e-06	
2.95941796896185e-06	
3.61689962485773e-06	
5.67136595164947e-06	
6.65722554106559e-06	
6.6682945595314e-06	
5.10043457891662e-06	
5.51446974132331e-06	
6.01398492860869e-06	
5.72122057649741e-06	
3.79804146270041e-06	
1.64570094642065e-06	
-1.03001346766253e-06	
-2.28779649749009e-06	
-3.07136667609358e-06	
-5.32963007348737e-06	
-8.75038051850488e-06	
-1.18548518501416e-05	
-1.74157545708096e-05	
-1.94939044146356e-05	
-2.02363164015138e-05	
-2.13834988573961e-05	
-2.76656789378046e-05	
-2.34470742826056e-05	
-2.27203360825135e-05	
-2.34501347377988e-05	
-1.91558287789092e-05	
-1.33572349329711e-05	
-8.92850874114367e-06	
-9.45429403922297e-06	
-6.69034145959919e-06	
-6.97122471317966e-06	
-9.10970540482203e-06	
-1.02002787330623e-05	
-1.12698319912014e-05	
-1.37739924870316e-05	
-2.11004335471604e-05	
-2.36948355632089e-05	
-2.53597533733881e-05	
-2.73285617046104e-05	
-3.3282016062413e-05	
-2.67460696668804e-05	
-2.36473705914332e-05	
-2.35809248928124e-05	
-2.05723382588898e-05	
-1.76630546564888e-05	
-1.69184060311833e-05	
-1.64997380129384e-05	
-1.27593363653397e-05	
-1.17302121576069e-05	
-1.10761835700029e-05	
-1.43997557275646e-05	
-1.64645169661275e-05	
-1.82214554275577e-05	
-2.41328617261475e-05	
-1.96984479812296e-05	
-1.96360778035137e-05	
-1.87739160842515e-05	
-1.88548504470162e-05	
-1.2407729961659e-05	
4.69746699869108e-06	
6.34942788601876e-05	
0.000144766263075817	
0.000216185134112824	
0.000255831340801431	
0.000249215518887051	
0.000127815942671001	
3.42612783913146e-05	
-6.47033909133111e-05	
-0.000148636572852257	
-0.00020370982071631	
-0.000250878184282091	
-0.000336248583322803	
-0.000289892193484122	
-0.00027434154676902	
-0.000255972838472646	
-0.000199247276317849	
-0.000111615636927482	
-4.09615319879124e-05	
3.79466230638383e-05	
9.40651286302879e-05	
0.000117182941974458	
0.000121387445257946	
9.95014533866227e-05	
4.58403614547707e-05	
2.30622157203426e-06	
-4.45393533222834e-05	
-7.75402032809887e-05	
-9.2436778749883e-05	
-0.00010062490987343	
-0.000102761689606544	
-7.21735975600837e-05	
-5.38167281763657e-05	
-3.7155304841445e-05	
-1.51512044452433e-05	
8.09222606315428e-07	
1.10552844921364e-05	
1.63505723895742e-05	
5.85372009877572e-06	
-5.33555369912582e-06	
-1.99653824488524e-05	
-3.36382734576843e-05	
-3.51810579341127e-05	
-3.333108106449e-05	
-2.58773749534663e-05	
-5.54085658477061e-06	
7.32646017063159e-06	
2.19926355917373e-05	
3.18184344862118e-05	
3.53940104857183e-05	
3.55193494295618e-05	
3.39471320881713e-05	
2.37062973347505e-05	
1.37928350401242e-05	
4.62434523453811e-06	
-8.34383777629213e-06	
-1.70791618988872e-05	
-2.37039602972092e-05	
-3.28587402159711e-05	
-3.45872721576829e-05	
-3.00999661040651e-05	
-2.59196451881952e-05	
-2.04753709300639e-05	
-6.18105216072462e-06	
6.29757939541054e-07	
3.36585127067582e-06	
-2.92642039227513e-06	
-1.14717720726892e-05	
-2.18365438755778e-05	
-4.02357555923016e-05	
-4.40554387230688e-05	
-4.4378392985677e-05	
-4.53626698155109e-05	
-4.810543003793e-05	
-3.78207101702628e-05	
-3.05774715305521e-05	
-2.07222892931208e-05	
-1.23211462143974e-05	
-1.09058773566318e-05	
-1.24228954502e-05	
-1.65720005598423e-05	
-1.86836092194151e-05	
-2.51056684919754e-05	
-3.40350327798838e-05	
-3.88143023424799e-05	
-3.76364638500991e-05	
-3.49643885465548e-05	
-3.13742362692339e-05	
-1.56583206284584e-05	
-7.30075804427899e-06	
-6.58376715779663e-06	
-1.88519267479856e-05	
-3.40420497117598e-05	
-5.13753638114675e-05	
-7.60310351428473e-05	
-7.47129206299694e-05	
-7.03586833028645e-05	
-6.43047081485203e-05	
-5.44026707341377e-05	
-3.41928207707986e-05	
-2.24498817637916e-05	
-1.76395932761732e-05	
-1.30403811292411e-05	
-1.74485483402738e-05	
-2.67038248832417e-05	
-4.32910947024951e-05	
-4.4745407589559e-05	
-4.9090588124788e-05	
-5.05615237208293e-05	
-3.81044816183811e-05	
-2.4805684685105e-05	
-1.68868171360407e-05	
-1.92595862889012e-05	
-1.95902647060984e-05	
-2.35210499490058e-05	
-2.89273767002524e-05	
-2.84715558450969e-05	
-2.54157758278631e-05	
-2.4107354018478e-05	
-2.65716207625518e-05	
-2.42660551896173e-05	
-2.48240187296223e-05	
-2.85303198197724e-05	
-3.36375532929395e-05	
-2.94395000870311e-05	
-2.76368035515722e-05	
-3.12392885977119e-05	
-3.42524400436209e-05	
-3.85247090928762e-05	
-4.42345175967035e-05	
-5.09571926344068e-05	
-3.94932067084233e-05	
-3.15157110597918e-05	
-2.29830122069439e-05	
-1.20597479412855e-05	
-1.74481292010357e-06	
7.28843290252454e-07	
-2.16929294533202e-06	
-7.69820974378779e-06	
-1.57383250998097e-05	
-2.41241182143851e-05	
-3.41025493263167e-05	
-3.3905226399019e-05	
-3.36481611034709e-05	
-3.51590753744111e-05	
-2.711111037908e-05	
-2.23466915538684e-05	
-2.17131840872524e-05	
-2.40802508060449e-05	
-2.41100098212244e-05	
-2.67717389961789e-05	
-3.39008645860299e-05	
-3.35221684642808e-05	
-3.26087657153871e-05	
-3.35964560022928e-05	
-3.70089133493641e-05	
-3.16573665312441e-05	
-3.17392739729436e-05	
-3.3859818520851e-05	
-3.37960548043749e-05	
-3.1598220893148e-05	
-3.12846134332222e-05	
-3.70530826971225e-05	
-2.98756573870917e-05	
-2.87420893290335e-05	
-2.85545834654619e-05	
-2.90307021777379e-05	
-2.46055065176728e-05	
-2.39525984105097e-05	
-2.63010607105139e-05	
-2.3430133291508e-05	
-2.34119963174534e-05	
-2.68110260932052e-05	
-3.30632621559952e-05	
-3.1451582375285e-05	
-3.42084155573909e-05	
-3.7713660258874e-05	
-3.63951929446317e-05	
-3.25929553945434e-05	
-3.04191124020016e-05	
-2.95045773725868e-05	
-2.23394984263373e-05	
-2.10685443425731e-05	
-2.17340081974713e-05	
-2.12998965458393e-05	
-2.05356182139562e-05	
-2.26884147226496e-05	
-2.7686046524221e-05	
-2.44461604012376e-05	
-2.39832673655116e-05	
-2.44456134624177e-05	
-2.28503051875989e-05	
-2.00265272646002e-05	
-1.86142925908314e-05	
-2.26810986687464e-05	
-1.96847561767844e-05	
-1.946969205118e-05	
-1.93665117447201e-05	
-1.96633975007159e-05	
-1.69811690632622e-05	
-1.69211746701668e-05	
-2.09452450012211e-05	
-2.12678814617145e-05	
-2.1485625671448e-05	
-2.40448510103366e-05	
-2.74238678295039e-05	
-2.5365124091474e-05	
-2.56807395175082e-05	
-2.94889673038098e-05	
-2.77667327741433e-05	
-2.50511740508735e-05	
-2.35329338765691e-05	
-2.80660242678386e-05	
-2.41201851102859e-05	
-2.48195138578073e-05	
-2.72137359115699e-05	
-2.65325083940994e-05	
-2.60474008189135e-05	
-2.58212291200742e-05	
-3.04947853449187e-05	
-2.77012694144216e-05	
-2.80139568289459e-05	
-3.02495644610392e-05	
-3.08833875779566e-05	
-2.92351201276019e-05	
-2.88528489966392e-05	
-3.38761911136831e-05	
-3.09614861375031e-05	
-3.10035130748669e-05	
-3.12272141059576e-05	
-3.75043914394508e-05	
-3.25669228300146e-05	
-3.26412858330561e-05	
-3.6388055451272e-05	
-3.75865347277329e-05	
-3.49865117737804e-05	
-3.45601190236454e-05	
-3.95357923450294e-05	
-3.38640028486562e-05	
-3.23679914068739e-05	
-3.31454572573766e-05	
-3.25927703085973e-05	
-2.8049186204466e-05	
-2.85407867890537e-05	
-3.30041167612636e-05	
-2.92934707123382e-05	
-2.90077006470312e-05	
-2.90057101965784e-05	
-3.30046800808969e-05	
-2.81673967822969e-05	
-2.88521107114472e-05	
-3.29400787344976e-05	
-2.96351381414485e-05	
-2.89143629855973e-05	
-3.06507023770425e-05	
-3.40864721381612e-05	
-2.88427405587327e-05	
-2.83005641177709e-05	
-2.99169859032524e-05	
-3.03919637590615e-05	
-2.60958184224052e-05	
-2.54567843901151e-05	
-2.93131249193951e-05	
-2.46223442819829e-05	
-2.48060322618348e-05	
-2.58339770606405e-05	
-2.59033838163019e-05	
-2.31988233247034e-05	
-2.28944488148368e-05	
-2.61314871957084e-05	
-2.29121230235219e-05	
-2.30605969219639e-05	
-2.42988749194535e-05	
-2.64323594230871e-05	
-2.26688303856637e-05	
-2.33675295672411e-05	
-2.47712951566612e-05	
-2.28239984841391e-05	
-2.15020997099324e-05	
-2.2254385055198e-05	
-2.44336934467315e-05	
-2.17323527181948e-05	
-2.17266559272679e-05	
-2.44031942439947e-05	
-2.4464575979476e-05	
-2.19925301831777e-05	
-2.16869719714489e-05	
-2.60018440867879e-05	
-2.15403753377883e-05	
-2.21147675563719e-05	
-2.49252625698864e-05	
-2.52169781051476e-05	
-2.27462509742913e-05	
-2.25676868066669e-05	
-2.69522458794327e-05	
-2.37672054348887e-05	
-2.28957772196426e-05	
-2.53972643218636e-05	
-2.60787235804564e-05	
-2.45236477773656e-05	
-2.42523577033476e-05	
-2.76485471132551e-05	
-2.65193601970029e-05	
-2.61637485870762e-05	
-2.65661331277597e-05	
-3.00668247893981e-05	
-2.61853453813678e-05	
-2.66468889184925e-05	
-2.86654035374297e-05	
-2.78901655824482e-05	
-2.68213653120459e-05	
-2.62665998528903e-05	
-3.1612220377541e-05	
-2.70379631192473e-05	
-2.60200196374578e-05	
-2.83097513661986e-05	
-2.88219956554884e-05	
-2.60263523269459e-05	
-2.59043443391671e-05	
-3.02893060795049e-05	
-2.60560464676277e-05	
-2.58083570979124e-05	
-2.71675090244285e-05	
-2.96308810581403e-05	
-2.76896651228152e-05	
-2.85721931751601e-05	
-3.19087087462278e-05	
-2.96802761228063e-05	
-2.82305046882046e-05	
-2.9139850571063e-05	
-3.09977520430748e-05	
-2.86907214763337e-05	
-2.85395884127187e-05	
-3.08868137038404e-05	
-3.10062250230754e-05	
-2.65304435095488e-05	
-2.71185488309404e-05	
-3.16092363851732e-05	
-2.82578550440907e-05	
-2.81774631719538e-05	
-3.10460953074507e-05	
-3.31003933195394e-05	
-3.02597868824713e-05	
-3.01441532026663e-05	
-3.54631548998578e-05	
-3.15070864472774e-05	
-3.00611259240155e-05	
-3.05862614717578e-05	
-3.20309979142451e-05	
-2.60770958152474e-05	
-2.53837817936132e-05	
-2.77465393078257e-05	
-2.68781771958653e-05	
-2.59832683871556e-05	
-2.68932707927115e-05	
-3.10623879645692e-05	
-2.91483970900837e-05	
-2.9255209182336e-05	
-3.31689221365081e-05	
-3.14157582962843e-05	
-2.93318151981706e-05	
-2.97861926814712e-05	
-3.31551733294047e-05	
-2.79345762777315e-05	
-2.65266224752265e-05	
-2.84486945405033e-05	
-2.78769107871708e-05	
-2.40639785537782e-05	
-2.38695929824594e-05	
-2.79012629693289e-05	
-2.44824541146296e-05	
-2.51037588289056e-05	
-2.60549928256746e-05	
-3.06128913259808e-05	
-2.65887178807112e-05	
-2.75296815334756e-05	
-3.05339164853675e-05	
-2.75864695661897e-05	
-2.6214066985663e-05	
-2.69541221826138e-05	
-2.97881751266224e-05	
-2.51754648636684e-05	
-2.45073642521006e-05	
-2.77332400472086e-05	
-2.65025781819634e-05	
-2.45119786210853e-05	
-2.55867243800646e-05	
-3.00554410792876e-05	
-2.50862565873623e-05	
-2.59792778755461e-05	
-2.77535851393343e-05	
-2.72870067496704e-05	
-2.53659136098379e-05	
-2.51863788094657e-05	
-2.89560187772033e-05	
-2.61100069465482e-05	
-2.55319305648333e-05	
-2.61995193752015e-05	
-2.88265950876469e-05	
-2.42097569820449e-05	
-2.37280141233693e-05	
-2.77559916163224e-05	
-2.61204548154821e-05	
-2.53598524309526e-05	
-2.59438459327566e-05	
-3.03999386748698e-05	
-2.65232226860677e-05	
-2.64946714571523e-05	
-2.86963640876669e-05	
-2.90019854943933e-05	
-2.63559883634719e-05	
-2.599955556167e-05	
-2.9131358157458e-05	
-2.4299710891536e-05	
-2.35290835747862e-05	
-2.44348711278886e-05	
-2.29877470163742e-05	
-2.19432957350572e-05	
-2.14616744044346e-05	
-2.57198394249952e-05	
-2.25423756452792e-05	
-2.34855944007679e-05	
-2.52516023828171e-05	
-2.66326053093479e-05	
-2.50361770746622e-05	
-2.58670510858272e-05	
-3.04044072352612e-05	
-2.86399855708945e-05	
-2.78672825140259e-05	
-2.90893105232813e-05	
-3.24253943980936e-05	
-2.82026808466343e-05	
-2.72041203037482e-05	
-3.04358154697184e-05	
-2.91700567697669e-05	
-2.67127880033676e-05	
-2.61694279826955e-05	
-3.16599078287058e-05	
-2.71087799314095e-05	
-2.76844038241907e-05	
-2.8277190550635e-05	
-2.89666240466069e-05	
-2.47681499442003e-05	
-2.44641434646724e-05	
-2.77842654177742e-05	
-2.37116937856827e-05	
-2.2752907414999e-05	
-2.35903614906531e-05	
-2.5028448287098e-05	
-2.32972532644779e-05	
-2.33365548483754e-05	
-2.65459233068794e-05	
-2.32224233892113e-05	
-2.25193429917196e-05	
-2.38957857188714e-05	
-2.56141966904156e-05	
-2.38936850271291e-05	
-2.52100218800087e-05	
-2.9329373144987e-05	
-2.99660603100636e-05	
-2.81613710816582e-05	
-2.77529943003384e-05	
