UNITS MM,10000;
EDIT proj;
ADD P1 :W0.000000  -4.2500,0.0000 -2.2500,0.0000 -2.2500,1.2000 -4.2500,1.2000;
ADD P1 :W0.000000  -1.6500,1.2000 -2.2500,1.2000 -2.2500,0.0000 -1.6500,0.0000;
ADD P1 :W0.000000  4.5500,1.2000 4.5500,1.1999 5.1500,1.1999 5.1500,1.2000 5.1359,1.5225 5.0938,1.8425 5.0239,2.1576 4.9269,2.4655 4.8033,2.7637 4.6543,3.0500 4.4809,3.3222 4.2844,3.5783 4.0663,3.8163 3.8283,4.0344 3.5722,4.2309 3.3000,4.4043 3.0137,4.5533 2.7155,4.6769 2.4076,4.7739 2.0925,4.8438 1.7725,4.8859 1.4500,4.9000 1.1275,4.8859 0.8075,4.8438 0.4924,4.7739 0.1845,4.6769 -0.1137,4.5533 -0.4000,4.4043 -0.6722,4.2309 -0.9283,4.0344 -1.1663,3.8163 -1.3844,3.5783 -1.5809,3.3222 -1.7543,3.0500 -1.9033,2.7637 -2.0269,2.4655 -2.1239,2.1576 -2.1938,1.8425 -2.2359,1.5225 -2.2500,1.2000 -2.2500,1.1999 -1.6500,1.1999 -1.6500,1.2000 -1.6382,1.4702 -1.6029,1.7383 -1.5444,2.0023 -1.4630,2.2603 -1.3596,2.5101 -1.2347,2.7500 -1.0894,2.9781 -0.9247,3.1926 -0.7420,3.3920 -0.5426,3.5747 -0.3281,3.7394 -0.1000,3.8847 0.1399,4.0096 0.3897,4.1130 0.6477,4.1944 0.9117,4.2529 1.1798,4.2882 1.4500,4.3000 1.7202,4.2882 1.9883,4.2529 2.2523,4.1944 2.5103,4.1130 2.7601,4.0096 3.0000,3.8847 3.2281,3.7394 3.4426,3.5747 3.6420,3.3920 3.8247,3.1926 3.9894,2.9781 4.1347,2.7500 4.2596,2.5101 4.3630,2.2603 4.4444,2.0023 4.5029,1.7383 4.5382,1.4702;
ADD P1 :W0.000000  -1.6500,0.0000 -1.6500,0.0001 -2.2500,0.0001 -2.2500,0.0000 -2.2359,-0.3225 -2.1938,-0.6425 -2.1239,-0.9576 -2.0269,-1.2655 -1.9033,-1.5637 -1.7543,-1.8500 -1.5809,-2.1222 -1.3844,-2.3783 -1.1663,-2.6163 -0.9283,-2.8344 -0.6722,-3.0309 -0.4000,-3.2043 -0.1137,-3.3533 0.1845,-3.4769 0.4924,-3.5739 0.8075,-3.6438 1.1275,-3.6859 1.4500,-3.7000 1.7725,-3.6859 2.0925,-3.6438 2.4076,-3.5739 2.7155,-3.4769 3.0137,-3.3533 3.3000,-3.2043 3.5722,-3.0309 3.8283,-2.8344 4.0663,-2.6163 4.2844,-2.3783 4.4809,-2.1222 4.6543,-1.8500 4.8033,-1.5637 4.9269,-1.2655 5.0239,-0.9576 5.0938,-0.6425 5.1359,-0.3225 5.1500,0.0000 5.1500,0.0001 4.5500,0.0001 4.5500,0.0000 4.5382,-0.2702 4.5029,-0.5383 4.4444,-0.8023 4.3630,-1.0603 4.2596,-1.3101 4.1347,-1.5500 3.9894,-1.7781 3.8247,-1.9926 3.6420,-2.1920 3.4426,-2.3747 3.2281,-2.5394 3.0000,-2.6847 2.7601,-2.8096 2.5103,-2.9130 2.2523,-2.9944 1.9883,-3.0529 1.7202,-3.0882 1.4500,-3.1000 1.1798,-3.0882 0.9117,-3.0529 0.6477,-2.9944 0.3897,-2.9130 0.1399,-2.8096 -0.1000,-2.6847 -0.3281,-2.5394 -0.5426,-2.3747 -0.7420,-2.1920 -0.9247,-1.9926 -1.0894,-1.7781 -1.2347,-1.5500 -1.3596,-1.3101 -1.4630,-1.0603 -1.5444,-0.8023 -1.6029,-0.5383 -1.6382,-0.2702;
ADD P1 :W0.000000  4.3500,1.2000 4.3500,0.8000 5.3500,0.8000 5.3500,1.2000;
ADD P1 :W0.000000  4.3500,0.4000 4.3500,0.0000 5.3500,0.0000 5.3500,0.4000;
ADD P1 :W0.000000  6.6946,-5.7670 7.8946,-5.7670 7.8946,-3.5016 7.8978,-3.4984 7.8978,-0.8629 6.6978,-0.8629 6.6978,-3.4984 6.6946,-3.5016;
  BEGIN_ASSOC
    ADD N1 :F1.000000 :R0 :T12345 'net=N__2' 0.00, 0.00;
  END_ASSOC
ADD P1 :W0.000000  7.5978,-0.8629 7.5978,-0.1000 6.9978,0.5000 5.3500,0.5000 5.3500,-0.1000 6.9978,-0.1000 6.9978,-0.8629;
  BEGIN_ASSOC
    ADD N1 :F1.000000 :R0 :T12345 'net=N__2' 0.00, 0.00;
  END_ASSOC
ADD P1 :W0.000000  6.6946,4.6846 6.6978,4.6814 6.6978,2.0459 7.8978,2.0459 7.8978,4.6814 7.8946,4.6846 7.8946,6.9500 6.6946,6.9500;
  BEGIN_ASSOC
    ADD N1 :F1.000000 :R0 :T12345 'net=N__1' 0.00, 0.00;
  END_ASSOC
ADD P1 :W0.000000  6.9978,2.0459 6.9978,1.2830 5.3500,1.2830 5.3500,0.6830 6.9978,0.6830 7.5978,1.2830 7.5978,2.0459;
  BEGIN_ASSOC
    ADD N1 :F1.000000 :R0 :T12345 'net=N__1' 0.00, 0.00;
  END_ASSOC
ADD P40 :W0.000000  -4.6500,-10.0000 17.5000,-10.0000 17.5000,10.0000 -4.6500,10.0000;
SAVE;
