UNITS MM,10000;
EDIT proj;
ADD P1 :W0.000000  -4.2500,0.0000 -2.2500,0.0000 -2.2500,1.2000 -4.2500,1.2000;
ADD P1 :W0.000000  -1.6500,1.2000 -2.2500,1.2000 -2.2500,0.0000 -1.6500,0.0000;
ADD P1 :W0.000000  4.5500,1.2000 4.5500,1.1999 5.1500,1.1999 5.1500,1.2000 5.1359,1.5225 5.0938,1.8425 5.0239,2.1576 4.9269,2.4655 4.8033,2.7637 4.6543,3.0500 4.4809,3.3222 4.2844,3.5783 4.0663,3.8163 3.8283,4.0344 3.5722,4.2309 3.3000,4.4043 3.0137,4.5533 2.7155,4.6769 2.4076,4.7739 2.0925,4.8438 1.7725,4.8859 1.4500,4.9000 1.1275,4.8859 0.8075,4.8438 0.4924,4.7739 0.1845,4.6769 -0.1137,4.5533 -0.4000,4.4043 -0.6722,4.2309 -0.9283,4.0344 -1.1663,3.8163 -1.3844,3.5783 -1.5809,3.3222 -1.7543,3.0500 -1.9033,2.7637 -2.0269,2.4655 -2.1239,2.1576 -2.1938,1.8425 -2.2359,1.5225 -2.2500,1.2000 -2.2500,1.1999 -1.6500,1.1999 -1.6500,1.2000 -1.6382,1.4702 -1.6029,1.7383 -1.5444,2.0023 -1.4630,2.2603 -1.3596,2.5101 -1.2347,2.7500 -1.0894,2.9781 -0.9247,3.1926 -0.7420,3.3920 -0.5426,3.5747 -0.3281,3.7394 -0.1000,3.8847 0.1399,4.0096 0.3897,4.1130 0.6477,4.1944 0.9117,4.2529 1.1798,4.2882 1.4500,4.3000 1.7202,4.2882 1.9883,4.2529 2.2523,4.1944 2.5103,4.1130 2.7601,4.0096 3.0000,3.8847 3.2281,3.7394 3.4426,3.5747 3.6420,3.3920 3.8247,3.1926 3.9894,2.9781 4.1347,2.7500 4.2596,2.5101 4.3630,2.2603 4.4444,2.0023 4.5029,1.7383 4.5382,1.4702;
ADD P1 :W0.000000  -1.6500,0.0000 -1.6500,0.0001 -2.2500,0.0001 -2.2500,0.0000 -2.2359,-0.3225 -2.1938,-0.6425 -2.1239,-0.9576 -2.0269,-1.2655 -1.9033,-1.5637 -1.7543,-1.8500 -1.5809,-2.1222 -1.3844,-2.3783 -1.1663,-2.6163 -0.9283,-2.8344 -0.6722,-3.0309 -0.4000,-3.2043 -0.1137,-3.3533 0.1845,-3.4769 0.4924,-3.5739 0.8075,-3.6438 1.1275,-3.6859 1.4500,-3.7000 1.7725,-3.6859 2.0925,-3.6438 2.4076,-3.5739 2.7155,-3.4769 3.0137,-3.3533 3.3000,-3.2043 3.5722,-3.0309 3.8283,-2.8344 4.0663,-2.6163 4.2844,-2.3783 4.4809,-2.1222 4.6543,-1.8500 4.8033,-1.5637 4.9269,-1.2655 5.0239,-0.9576 5.0938,-0.6425 5.1359,-0.3225 5.1500,0.0000 5.1500,0.0001 4.5500,0.0001 4.5500,0.0000 4.5382,-0.2702 4.5029,-0.5383 4.4444,-0.8023 4.3630,-1.0603 4.2596,-1.3101 4.1347,-1.5500 3.9894,-1.7781 3.8247,-1.9926 3.6420,-2.1920 3.4426,-2.3747 3.2281,-2.5394 3.0000,-2.6847 2.7601,-2.8096 2.5103,-2.9130 2.2523,-2.9944 1.9883,-3.0529 1.7202,-3.0882 1.4500,-3.1000 1.1798,-3.0882 0.9117,-3.0529 0.6477,-2.9944 0.3897,-2.9130 0.1399,-2.8096 -0.1000,-2.6847 -0.3281,-2.5394 -0.5426,-2.3747 -0.7420,-2.1920 -0.9247,-1.9926 -1.0894,-1.7781 -1.2347,-1.5500 -1.3596,-1.3101 -1.4630,-1.0603 -1.5444,-0.8023 -1.6029,-0.5383 -1.6382,-0.2702;
ADD P1 :W0.000000  4.3500,1.2000 4.3500,0.8000 5.3500,0.8000 5.3500,1.2000;
ADD P1 :W0.000000  4.3500,0.4000 4.3500,0.0000 5.3500,0.0000 5.3500,0.4000;
ADD P1 :W0.000000  6.6946,-5.7670 7.8946,-5.7670 7.8946,-3.5016 7.8978,-3.4984 7.8978,-0.8629 6.6978,-0.8629 6.6978,-3.4984 6.6946,-3.5016;
  BEGIN_ASSOC
    ADD N1 :F1.000000 :R0 :T12345 'net=N__2' 0.00, 0.00;
  END_ASSOC
ADD P1 :W0.000000  7.5978,-0.8629 7.5978,-0.1000 6.9978,0.5000 5.3500,0.5000 5.3500,-0.1000 6.9978,-0.1000 6.9978,-0.8629;
  BEGIN_ASSOC
    ADD N1 :F1.000000 :R0 :T12345 'net=N__2' 0.00, 0.00;
  END_ASSOC
ADD P1 :W0.000000  6.6946,4.6846 6.6978,4.6814 6.6978,2.0459 7.8978,2.0459 7.8978,4.6814 7.8946,4.6846 7.8946,6.9500 6.6946,6.9500;
  BEGIN_ASSOC
    ADD N1 :F1.000000 :R0 :T12345 'net=N__1' 0.00, 0.00;
  END_ASSOC
ADD P1 :W0.000000  6.9978,2.0459 6.9978,1.2830 5.3500,1.2830 5.3500,0.6830 6.9978,0.6830 7.5978,1.2830 7.5978,2.0459;
  BEGIN_ASSOC
    ADD N1 :F1.000000 :R0 :T12345 'net=N__1' 0.00, 0.00;
  END_ASSOC
ADD P1 :W0.000000  -4.3000,1.7000 -2.7201,1.7000 -2.6606,2.0619 -2.5697,2.4173 -2.4481,2.7634 -2.2969,3.0976 -2.1170,3.4172 -1.9099,3.7200 -1.6773,4.0036 -1.4207,4.2657 -1.1423,4.5045 -0.8441,4.7181 -0.5283,4.9049 -0.1975,5.0633 0.1458,5.1924 0.4992,5.2909 0.8597,5.3583 1.2248,5.3939 1.5916,5.3976 1.9573,5.3692 2.3191,5.3091 2.6743,5.2176 3.0202,5.0954 3.3541,4.9435 3.6735,4.7631 3.9759,4.5555 4.2590,4.3223 4.5208,4.0653 4.7591,3.7865 4.9721,3.4879 5.1583,3.1718 5.3162,2.8408 5.4446,2.4972 5.5426,2.1437 5.6093,1.7830 6.1978,1.7830 6.1978,4.4743 6.1946,4.4775 6.1946,7.0000 -4.3000,7.0000;
  BEGIN_ASSOC
    ADD N1 :F1.000000 :R0 :T12345 'net=gnd!' 0.00, 0.00;
  END_ASSOC
ADD P1 :W0.000000  8.3946,7.0000 8.3946,4.8917 8.3978,4.8885 8.3978,1.5459 8.0978,1.5459 8.0978,1.0759 7.6134,0.5915 8.0978,0.1071 8.0978,-0.3629 8.3978,-0.3629 8.3978,-3.7055 8.3946,-3.7087 8.3946,-5.8000 9.1000,-5.8000 9.1000,7.0000;
  BEGIN_ASSOC
    ADD N1 :F1.000000 :R0 :T12345 'net=gnd!' 0.00, 0.00;
  END_ASSOC
ADD P1 :W0.000000  6.1946,-5.8000 6.1946,-3.2945 6.1978,-3.2913 6.1978,-0.6000 5.6069,-0.6000 5.5362,-0.9710 5.4324,-1.3342 5.2964,-1.6866 5.1293,-2.0254 4.9325,-2.3478 4.7075,-2.6512 4.4561,-2.9331 4.1804,-3.1913 3.8827,-3.4237 3.5652,-3.6285 3.2307,-3.8038 2.8817,-3.9484 2.5212,-4.0611 2.1520,-4.1409 1.7771,-4.1872 1.3996,-4.1997 1.0225,-4.1782 0.6488,-4.1228 0.2816,-4.0342 -0.0761,-3.9129 -0.4215,-3.7600 -0.7517,-3.5766 -1.0642,-3.3643 -1.3563,-3.1248 -1.6257,-2.8601 -1.8702,-2.5722 -2.0879,-2.2635 -2.2769,-1.9365 -2.4358,-1.5938 -2.5633,-1.2382 -2.6583,-0.8726 -2.7201,-0.5000 -4.3000,-0.5000 -4.3000,-5.8000;
  BEGIN_ASSOC
    ADD N1 :F1.000000 :R0 :T12345 'net=gnd!' 0.00, 0.00;
  END_ASSOC
ADD P1 :W0.000000  -1.1500,0.0000 -1.1396,-0.2320 -1.1086,-0.4621 -1.0572,-0.6885 -0.9858,-0.9094 -0.8949,-1.1231 -0.7853,-1.3279 -0.6580,-1.5220 -0.5138,-1.7040 -0.3539,-1.8724 -0.1797,-2.0259 0.0076,-2.1632 0.2063,-2.2833 0.4150,-2.3851 0.6319,-2.4679 0.8553,-2.5311 1.0835,-2.5741 1.3146,-2.5965 1.5468,-2.5982 1.7783,-2.5792 2.0071,-2.5396 2.2314,-2.4798 2.4495,-2.4002 2.6597,-2.3015 2.8602,-2.1844 3.0495,-2.0498 3.2260,-1.8990 3.3883,-1.7330 3.5352,-1.5531 3.6654,-1.3609 3.7780,-1.1578 3.8720,-0.9455 3.9467,-0.7256 4.0015,-0.5000 3.8500,-0.5000 3.8500,1.7000 4.0015,1.7000 3.9467,1.9256 3.8720,2.1455 3.7780,2.3578 3.6654,2.5609 3.5352,2.7531 3.3883,2.9330 3.2260,3.0990 3.0495,3.2498 2.8602,3.3844 2.6597,3.5015 2.4495,3.6002 2.2314,3.6798 2.0071,3.7396 1.7783,3.7792 1.5468,3.7982 1.3146,3.7965 1.0835,3.7741 0.8553,3.7311 0.6319,3.6679 0.4150,3.5851 0.2063,3.4833 0.0076,3.3632 -0.1797,3.2259 -0.3539,3.0724 -0.5138,2.9040 -0.6580,2.7220 -0.7853,2.5279 -0.8949,2.3231 -0.9858,2.1094 -1.0572,1.8885 -1.1086,1.6621 -1.1396,1.4320 -1.1500,1.2000;
  BEGIN_ASSOC
    ADD N1 :F1.000000 :R0 :T12345 'net=gnd!' 0.00, 0.00;
  END_ASSOC
ADD P40 :W0.000000  -4.6500,-10.0000 17.5000,-10.0000 17.5000,10.0000 -4.6500,10.0000;
SAVE;
